m_0 = 1250.0;
m_empty = 600;
I_y = 3100;
l = 4.18;
C_D = 0.1;
C_L = 0.034;
g = 9.81;
I_sp0 = 300;

k_1_x = 2.5;
k_2_x = 4.5;
k_1_theta = 12;
k_2_theta = 10;

k_z = 0.61;
k_z_dot = 1.11;
k_i = 0.13;

x_cm = 4.18;
x_cp = 7.11;
